z[nm],potential[V]
-1.960000000000000081e-07,4.010083129273057101e-01
-1.952179999999999948e-07,4.010083130599011447e-01
-1.944360000000000081e-07,4.010083131924966349e-01
-1.936539999999999949e-07,4.010083133250920695e-01
-1.928720000000000081e-07,4.010083134576875041e-01
-1.920899999999999949e-07,4.010083135902829388e-01
-1.913080000000000081e-07,4.010083137228783734e-01
-1.905259999999999949e-07,4.010083138554738635e-01
-1.897440000000000082e-07,4.010083139880692982e-01
-1.889619999999999949e-07,4.010083141206647328e-01
-1.881800000000000082e-07,4.010083142532601674e-01
-1.873979999999999950e-07,4.010083143858556021e-01
-1.866160000000000082e-07,4.010083145184510922e-01
-1.858339999999999950e-07,4.010083146510465268e-01
-1.850520000000000082e-07,4.010083147836419615e-01
-1.842699999999999950e-07,4.010083149162373961e-01
-1.834880000000000083e-07,4.010083150488328307e-01
-1.827059999999999950e-07,4.010083151814283209e-01
-1.819240000000000083e-07,4.010083153140237555e-01
-1.811419999999999951e-07,4.010083154466191901e-01
-1.803600000000000083e-07,4.010083155792146248e-01
-1.795779999999999951e-07,4.010083157118100594e-01
-1.787960000000000083e-07,4.010083158444055496e-01
-1.780139999999999951e-07,4.010083159770009842e-01
-1.772320000000000084e-07,4.010083161095964188e-01
-1.764499999999999951e-07,4.010083162421918535e-01
-1.756680000000000084e-07,4.010083163747872881e-01
-1.748859999999999952e-07,4.010083165073827782e-01
-1.741040000000000084e-07,4.010083166399782129e-01
-1.733219999999999952e-07,4.010083167725736475e-01
-1.725400000000000084e-07,4.010083169051690821e-01
-1.717579999999999952e-07,4.010083170377645168e-01
-1.709760000000000085e-07,4.010083171703600069e-01
-1.701939999999999952e-07,4.010083173029554415e-01
-1.694120000000000085e-07,4.010083174355508762e-01
-1.686299999999999953e-07,4.010083175681463663e-01
-1.678480000000000085e-07,4.010083177007417454e-01
-1.670659999999999953e-07,4.010083178333371801e-01
-1.662840000000000085e-07,4.010083179659326702e-01
-1.655019999999999953e-07,4.010083180985281048e-01
-1.647200000000000086e-07,4.010083182311235395e-01
-1.639379999999999953e-07,4.010083183637190296e-01
-1.631560000000000086e-07,4.010083184963144087e-01
-1.623739999999999954e-07,4.010083186289098989e-01
-1.615920000000000086e-07,4.010083187615053335e-01
-1.608099999999999954e-07,4.010083188941007681e-01
-1.600280000000000086e-07,4.010083190266962028e-01
-1.592459999999999954e-07,4.010083191592916374e-01
-1.584640000000000087e-07,4.010083192918871275e-01
-1.576819999999999954e-07,4.010083194244825622e-01
-1.569000000000000087e-07,4.010083195570779968e-01
-1.561179999999999955e-07,4.010083196896734314e-01
-1.553360000000000087e-07,4.010083198222688661e-01
-1.545539999999999955e-07,4.010083199548643007e-01
-1.537720000000000087e-07,4.010083200874597908e-01
-1.529899999999999955e-07,4.010083202200552255e-01
-1.522080000000000087e-07,4.010083203526506601e-01
-1.514259999999999955e-07,4.010083204852460947e-01
-1.506440000000000088e-07,4.010083206178415849e-01
-1.498619999999999955e-07,4.010083207504370195e-01
-1.490800000000000088e-07,4.010083208830324542e-01
-1.482979999999999956e-07,4.010083210156278888e-01
-1.475160000000000088e-07,4.010083211482233234e-01
-1.467339999999999956e-07,4.010083212808188136e-01
-1.459520000000000088e-07,4.010083214134142482e-01
-1.451699999999999956e-07,4.010083215460096828e-01
-1.443880000000000089e-07,4.010083216786051175e-01
-1.436059999999999956e-07,4.010083218112006076e-01
-1.428240000000000089e-07,4.010083219437960977e-01
-1.420419999999999957e-07,4.010083220763914769e-01
-1.412600000000000089e-07,4.010083222089869115e-01
-1.404779999999999957e-07,4.010083223415823461e-01
-1.396960000000000089e-07,4.010083224741777808e-01
-1.389139999999999957e-07,4.010083226067732709e-01
-1.381320000000000090e-07,4.010083227393687610e-01
-1.373499999999999957e-07,4.010083228719641402e-01
-1.365680000000000090e-07,4.010083230045595748e-01
-1.357859999999999958e-07,4.010083231371550094e-01
-1.350039999999999825e-07,4.010083232697504996e-01
-1.342219999999999958e-07,4.010083234023459342e-01
-1.334400000000000090e-07,4.010083235349413688e-01
-1.326579999999999958e-07,4.010083236675368035e-01
-1.318759999999999826e-07,4.010083238001322381e-01
-1.310939999999999958e-07,4.010083239327277282e-01
-1.303120000000000091e-07,4.010083240653231629e-01
-1.295299999999999959e-07,4.010083241979185975e-01
-1.287479999999999826e-07,4.010083243305140321e-01
-1.279659999999999959e-07,4.010083244631094668e-01
-1.271840000000000091e-07,4.010083245957049569e-01
-1.264019999999999959e-07,4.010083247283003915e-01
-1.256199999999999827e-07,4.010083248608958262e-01
-1.248379999999999959e-07,4.010083249934912608e-01
-1.240560000000000092e-07,4.010083251260866954e-01
-1.232739999999999960e-07,4.010083252586821856e-01
-1.224919999999999827e-07,4.010083253912776202e-01
-1.217099999999999960e-07,4.010083255238730549e-01
-1.209280000000000092e-07,4.010083256564684895e-01
-1.201459999999999960e-07,4.010083257890639241e-01
-1.193639999999999828e-07,4.010083259216594143e-01
-1.185819999999999960e-07,4.010083260542548489e-01
-1.177999999999999960e-07,4.010083261868503390e-01
-1.170179999999999961e-07,4.010083263194457182e-01
-1.162359999999999961e-07,4.010083264520411528e-01
-1.154539999999999961e-07,4.010083265846366429e-01
-1.146719999999999961e-07,4.010083267172320776e-01
-1.138899999999999961e-07,4.010083268498275122e-01
-1.131079999999999961e-07,4.010083269824230023e-01
-1.123259999999999961e-07,4.010083271150184370e-01
-1.115439999999999961e-07,4.010083272476138716e-01
-1.107619999999999962e-07,4.010083273802093062e-01
-1.099799999999999962e-07,4.010083275128047409e-01
-1.091979999999999962e-07,4.010083276454001755e-01
-1.084159999999999962e-07,4.010083277779956656e-01
-1.076339999999999962e-07,4.010083279105911003e-01
-1.068519999999999962e-07,4.010083280431865349e-01
-1.060699999999999962e-07,4.010083281757819695e-01
-1.052879999999999962e-07,4.010083283083774042e-01
-1.045059999999999963e-07,4.010083284409728388e-01
-1.037239999999999963e-07,4.010083285735683289e-01
-1.029419999999999963e-07,4.010083287061637636e-01
-1.021599999999999963e-07,4.010083288387591982e-01
-1.013779999999999963e-07,4.010083289713546328e-01
-1.005959999999999963e-07,4.010083291039500675e-01
-9.981399999999999632e-08,4.010083292365455021e-01
-9.903199999999999634e-08,4.010083293691409922e-01
-9.824999999999999635e-08,4.010083295017364269e-01
-9.746799999999999636e-08,4.010083296343318615e-01
-9.668599999999999637e-08,4.010083297669272961e-01
-9.590399999999999638e-08,4.010083298995227308e-01
-9.512199999999999640e-08,4.010083300321182209e-01
-9.433999999999999641e-08,4.010083301647136556e-01
-9.355799999999999642e-08,4.010083302973091457e-01
-9.277599999999999643e-08,4.010083304299045248e-01
-9.199399999999999644e-08,4.010083305624999594e-01
-9.121199999999999646e-08,4.010083306950954496e-01
-9.042999999999999647e-08,4.010083308276908842e-01
-8.964799999999999648e-08,4.010083309602863189e-01
-8.886599999999999649e-08,4.010083310928817535e-01
-8.808399999999999651e-08,4.010083312254772436e-01
-8.730199999999999652e-08,4.010083313580727338e-01
-8.651999999999999653e-08,4.010083314906681129e-01
-8.573799999999999654e-08,4.010083316232635475e-01
-8.495599999999999655e-08,4.010083317558589822e-01
-8.417399999999999657e-08,4.010083318884544168e-01
-8.339199999999999658e-08,4.010083320210499069e-01
-8.260999999999999659e-08,4.010083321536453971e-01
-8.182799999999999660e-08,4.010083322862407762e-01
-8.104599999999999661e-08,4.010083324188362108e-01
-8.026399999999999663e-08,4.010083325514316455e-01
-7.948199999999999664e-08,4.010083326840271356e-01
-7.869999999999999665e-08,4.010083328166225702e-01
-7.791799999999999666e-08,4.010083329492180049e-01
-7.713599999999999667e-08,4.010083330818134395e-01
-7.635399999999999669e-08,4.010083332144088741e-01
-7.557199999999998346e-08,4.010083333470043643e-01
-7.478999999999999671e-08,4.010083334795997989e-01
-7.400799999999998349e-08,4.010083336121952335e-01
-7.322599999999999674e-08,4.010083337447906682e-01
-7.244399999999998351e-08,4.010083338773861028e-01
-7.166199999999999676e-08,4.010083340099815929e-01
-7.087999999999998354e-08,4.010083341425770276e-01
-7.009799999999999678e-08,4.010083342751724622e-01
-6.931599999999998356e-08,4.010083344077678968e-01
-6.853399999999999681e-08,4.010083345403633870e-01
-6.775199999999998358e-08,4.010083346729588216e-01
-6.696999999999999683e-08,4.010083348055542563e-01
-6.618799999999998361e-08,4.010083349381496909e-01
-6.540599999999999686e-08,4.010083350707451255e-01
-6.462399999999998363e-08,4.010083352033405601e-01
-6.384199999999999688e-08,4.010083353359360503e-01
-6.305999999999998366e-08,4.010083354685315404e-01
-6.227799999999999690e-08,4.010083356011269751e-01
-6.149599999999998368e-08,4.010083357337223542e-01
-6.071399999999999693e-08,4.010083358663177888e-01
-5.993199999999998371e-08,4.010083359989132790e-01
-5.914999999999999695e-08,4.010083361315087136e-01
-5.836799999999998373e-08,4.010083362641042037e-01
-5.758599999999999698e-08,4.010083363966996384e-01
-5.680399999999998375e-08,4.010083365292950730e-01
-5.602199999999999700e-08,4.010083366618905076e-01
-5.523999999999998378e-08,4.010083367944859423e-01
-5.445799999999999703e-08,4.010083369270813769e-01
-5.367599999999998380e-08,4.010083370596768115e-01
-5.289399999999999705e-08,4.010083371922723017e-01
-5.211199999999998383e-08,4.010083373248677363e-01
-5.132999999999999707e-08,4.010083374574631709e-01
-5.054799999999998385e-08,4.010083375900586056e-01
-4.976599999999999710e-08,4.010083377226540402e-01
-4.898399999999998388e-08,4.010083378552494748e-01
-4.820199999999999712e-08,4.010083379878449650e-01
-4.741999999999998390e-08,4.010083381204403996e-01
-4.663799999999999715e-08,4.010083382530358342e-01
-4.585599999999998392e-08,4.010083383856312689e-01
-4.507399999999999717e-08,4.010083385182267035e-01
-4.429199999999998395e-08,4.010083386508221381e-01
-4.350999999999999719e-08,4.010083387834176283e-01
-4.272799999999998397e-08,4.010083389160130629e-01
-4.194599999999999722e-08,4.010083390486084975e-01
-4.116399999999998400e-08,4.010083391812039322e-01
-4.038199999999999724e-08,4.010083393137993668e-01
-3.959999999999998402e-08,4.010083394463948570e-01
-3.881799999999999727e-08,4.010083395789902916e-01
-3.803599999999998404e-08,4.010083397115857817e-01
-3.725399999999999729e-08,4.010083398441812164e-01
-3.647199999999998407e-08,4.010083399767765955e-01
-3.568999999999999732e-08,4.010083401093720856e-01
-3.490799999999998409e-08,4.010083402419675203e-01
-3.412599999999999734e-08,4.010083403745629549e-01
-3.334399999999998412e-08,4.010083405071584450e-01
-3.256199999999999736e-08,4.010083406397538797e-01
-3.177999999999998414e-08,4.010083407723493698e-01
-3.099799999999999739e-08,4.010083409049448044e-01
-3.021599999999998417e-08,4.010083410375401836e-01
-2.943399999999999741e-08,4.010083411701356182e-01
-2.865199999999998419e-08,4.010083413027311083e-01
-2.786999999999999744e-08,4.010083414353265985e-01
-2.708799999999998421e-08,4.010083415679220331e-01
-2.630599999999999746e-08,4.010083417005174122e-01
-2.552399999999998424e-08,4.010083418331128469e-01
-2.474199999999999748e-08,4.010083419657082815e-01
-2.395999999999998426e-08,4.010083420983037716e-01
-2.317799999999999751e-08,4.010083422308992063e-01
-2.239599999999998429e-08,4.010083423634946409e-01
-2.161399999999999753e-08,4.010083424960900755e-01
-2.083199999999998431e-08,4.010083426286855102e-01
-2.004999999999999756e-08,4.010083427612810003e-01
-1.926799999999998433e-08,4.010083428938764349e-01
-1.848599999999999758e-08,4.010083430264718696e-01
-1.770399999999998436e-08,4.010083431590673042e-01
-1.692199999999999761e-08,4.010083432916627388e-01
-1.613999999999998438e-08,4.010083434242582290e-01
-1.535799999999999763e-08,4.010083435568536636e-01
-1.457599999999998441e-08,4.010083436894490982e-01
-1.379399999999999765e-08,4.010083438220445329e-01
-1.301199999999998443e-08,4.010083439546400230e-01
-1.222999999999999768e-08,4.010083440872355132e-01
-1.144799999999998446e-08,4.010083442198308923e-01
-1.066599999999999770e-08,4.010083443524263269e-01
-9.883999999999984480e-09,4.010083444850217615e-01
-9.101999999999997727e-09,4.010083446176171962e-01
-8.319999999999984504e-09,4.010083447502126863e-01
-7.537999999999997751e-09,4.010083448828081765e-01
-6.755999999999984528e-09,4.010083450154036111e-01
-5.973999999999997775e-09,4.010083451479990457e-01
-5.191999999999984552e-09,4.010083452805944249e-01
-4.409999999999997799e-09,4.010083454131899150e-01
-3.627999999999984577e-09,4.010083455457853496e-01
-2.845999999999997824e-09,4.010083456783808398e-01
-2.063999999999984601e-09,4.010083458109762744e-01
-1.281999999999997848e-09,4.010083459435717090e-01
-4.999999999999846249e-10,4.010083460761671437e-01
2.820000000000021281e-10,4.010083462087625783e-01
1.064000000000015351e-09,4.010083463413580129e-01
1.846000000000002104e-09,4.010083464739535031e-01
2.628000000000015327e-09,4.010083466065489377e-01
3.410000000000002080e-09,4.010083467391443723e-01
4.192000000000015303e-09,4.010083468717398625e-01
4.974000000000028525e-09,4.010083470043352971e-01
5.756000000000015278e-09,4.010083471369306762e-01
6.538000000000028501e-09,4.010083472695261664e-01
7.320000000000015254e-09,4.010083474021216010e-01
8.102000000000028477e-09,4.010083475347170356e-01
8.884000000000015230e-09,4.010083476673124703e-01
9.666000000000028453e-09,4.010083477999079049e-01
1.044800000000001521e-08,4.010083479325033395e-01
1.123000000000002843e-08,4.010083480650988297e-01
1.201200000000001518e-08,4.010083481976942643e-01
1.279400000000002840e-08,4.010083483302897545e-01
1.357600000000001516e-08,4.010083484628851891e-01
1.435800000000002838e-08,4.010083485954805682e-01
1.514000000000001513e-08,4.010083487280760028e-01
1.592200000000002836e-08,4.010083488606714930e-01
1.670400000000001511e-08,4.010083489932669276e-01
1.748600000000002833e-08,4.010083491258624178e-01
1.826800000000001508e-08,4.010083492584578524e-01
1.905000000000002831e-08,4.010083493910532870e-01
1.983200000000001506e-08,4.010083495236487217e-01
2.061400000000002828e-08,4.010083496562441563e-01
2.139600000000001504e-08,4.010083497888395909e-01
2.217800000000002826e-08,4.010083499214350811e-01
2.296000000000001501e-08,4.010083500540304602e-01
2.374200000000002824e-08,4.010083501866259503e-01
2.452400000000001499e-08,4.010083503192213850e-01
2.530600000000002821e-08,4.010083504518168196e-01
2.608800000000001496e-08,4.010083505844122542e-01
2.687000000000002819e-08,4.010083507170077444e-01
2.765200000000001494e-08,4.010083508496032345e-01
2.843400000000002816e-08,4.010083509821986691e-01
2.921600000000001492e-08,4.010083511147941038e-01
2.999800000000002814e-08,4.010083512473895384e-01
3.078000000000001489e-08,4.010083513799849730e-01
3.156200000000002811e-08,4.010083515125804077e-01
3.234400000000001487e-08,4.010083516451758423e-01
3.312600000000002809e-08,4.010083517777712769e-01
3.390800000000001484e-08,4.010083519103667116e-01
3.469000000000002807e-08,4.010083520429621462e-01
3.547200000000001482e-08,4.010083521755576363e-01
3.625400000000002804e-08,4.010083523081530710e-01
3.703600000000001479e-08,4.010083524407485611e-01
3.781800000000002802e-08,4.010083525733439958e-01
3.860000000000001477e-08,4.010083527059394304e-01
3.938200000000002799e-08,4.010083528385349205e-01
4.016400000000001475e-08,4.010083529711302996e-01
4.094600000000002797e-08,4.010083531037257343e-01
4.172800000000001472e-08,4.010083532363212244e-01
4.251000000000002794e-08,4.010083533689166591e-01
4.329200000000001470e-08,4.010083535015121492e-01
4.407400000000000145e-08,4.010083536341075838e-01
4.485600000000004114e-08,4.010083537667029630e-01
4.563800000000002790e-08,4.010083538992983976e-01
4.642000000000001465e-08,4.010083540318938322e-01
4.720200000000000140e-08,4.010083541644893224e-01
4.798400000000004110e-08,4.010083542970848125e-01
4.876600000000002785e-08,4.010083544296801916e-01
4.954800000000001460e-08,4.010083545622756263e-01
5.033000000000000135e-08,4.010083546948710609e-01
5.111200000000004105e-08,4.010083548274665510e-01
5.189400000000002780e-08,4.010083549600619857e-01
5.267600000000001455e-08,4.010083550926574758e-01
5.345800000000000131e-08,4.010083552252529104e-01
5.424000000000004100e-08,4.010083553578483451e-01
5.502200000000002775e-08,4.010083554904438352e-01
5.580400000000001450e-08,4.010083556230392698e-01
5.658600000000000126e-08,4.010083557556346490e-01
5.736800000000004095e-08,4.010083558882300836e-01
5.815000000000002770e-08,4.010083560208255182e-01
5.893200000000001446e-08,4.010083561534210084e-01
5.971400000000000121e-08,4.010083562860164430e-01
6.049600000000004090e-08,4.010083564186118776e-01
6.127800000000002765e-08,4.010083565512073123e-01
6.206000000000001441e-08,4.010083566838028024e-01
6.284200000000000116e-08,4.010083568163982370e-01
6.362400000000004085e-08,4.010083569489937272e-01
6.440600000000002761e-08,4.010083570815891618e-01
6.518800000000001436e-08,4.010083572141845965e-01
6.597000000000000111e-08,4.010083573467799756e-01
6.675200000000004080e-08,4.010083574793754657e-01
6.753400000000002756e-08,4.010083576119709559e-01
6.831600000000001431e-08,4.010083577445663905e-01
6.909800000000000106e-08,4.010083578771617696e-01
6.988000000000004076e-08,4.010083580097572042e-01
7.066200000000002751e-08,4.010083581423526389e-01
7.144400000000001426e-08,4.010083582749481290e-01
7.222600000000000102e-08,4.010083584075436192e-01
7.300800000000004071e-08,4.010083585401390538e-01
7.379000000000002746e-08,4.010083586727344884e-01
7.457200000000001421e-08,4.010083588053298675e-01
7.535400000000000097e-08,4.010083589379253577e-01
7.613600000000004066e-08,4.010083590705207923e-01
7.691800000000002741e-08,4.010083592031162825e-01
7.770000000000001417e-08,4.010083593357117171e-01
7.848200000000000092e-08,4.010083594683071517e-01
7.926400000000004061e-08,4.010083596009026419e-01
8.004600000000002736e-08,4.010083597334980765e-01
8.082800000000001412e-08,4.010083598660935111e-01
8.161000000000000087e-08,4.010083599986888903e-01
8.239200000000004056e-08,4.010083601312843249e-01
8.317400000000002732e-08,4.010083602638798150e-01
8.395600000000001407e-08,4.010083603964752497e-01
8.473800000000000082e-08,4.010083605290706843e-01
8.552000000000004051e-08,4.010083606616661189e-01
8.630200000000002727e-08,4.010083607942615536e-01
8.708400000000001402e-08,4.010083609268570437e-01
8.786600000000000077e-08,4.010083610594525338e-01
8.864800000000004047e-08,4.010083611920479685e-01
8.943000000000002722e-08,4.010083613246434031e-01
9.021200000000001397e-08,4.010083614572388377e-01
9.099400000000000073e-08,4.010083615898342724e-01
9.177600000000004042e-08,4.010083617224297070e-01
9.255800000000002717e-08,4.010083618550251972e-01
9.334000000000001392e-08,4.010083619876206318e-01
9.412200000000000068e-08,4.010083621202160109e-01
9.490400000000004037e-08,4.010083622528115010e-01
9.568600000000002712e-08,4.010083623854069357e-01
9.646800000000001388e-08,4.010083625180023703e-01
9.725000000000000063e-08,4.010083626505978605e-01
9.803200000000004032e-08,4.010083627831932951e-01
9.881400000000002707e-08,4.010083629157887852e-01
9.959600000000001383e-08,4.010083630483841644e-01
1.003780000000000006e-07,4.010083631809795990e-01
1.011600000000000403e-07,4.010083633135750336e-01
1.019420000000000270e-07,4.010083634461705238e-01
1.027240000000000138e-07,4.010083635787660139e-01
1.035060000000000005e-07,4.010083637113614485e-01
1.042880000000000402e-07,4.010083638439568832e-01
1.050700000000000270e-07,4.010083639765523178e-01
1.058520000000000137e-07,4.010083641091477524e-01
1.066340000000000534e-07,4.010083642417431871e-01
1.074160000000000402e-07,4.010083643743386772e-01
1.081980000000000269e-07,4.010083645069340563e-01
1.089800000000000137e-07,4.010083646395294910e-01
1.097620000000000534e-07,4.010083647721249256e-01
1.105440000000000401e-07,4.010083649047204157e-01
1.113260000000000269e-07,4.010083650373158504e-01
1.121080000000000136e-07,4.010083651699113405e-01
1.128900000000000533e-07,4.010083653025067751e-01
1.136720000000000401e-07,4.010083654351022098e-01
1.144540000000000268e-07,4.010083655676976999e-01
1.152360000000000136e-07,4.010083657002931345e-01
1.160180000000000533e-07,4.010083658328885692e-01
1.168000000000000400e-07,4.010083659654839483e-01
1.175820000000000268e-07,4.010083660980794384e-01
1.183640000000000135e-07,4.010083662306749286e-01
1.191460000000000532e-07,4.010083663632703077e-01
1.199280000000000400e-07,4.010083664958657423e-01
1.207100000000000267e-07,4.010083666284611770e-01
1.214920000000000135e-07,4.010083667610566116e-01
1.222740000000000532e-07,4.010083668936521017e-01
1.230560000000000399e-07,4.010083670262475919e-01
1.238380000000000267e-07,4.010083671588430265e-01
1.246200000000000134e-07,4.010083672914384612e-01
1.254020000000000531e-07,4.010083674240338403e-01
1.261840000000000399e-07,4.010083675566293304e-01
1.269660000000000266e-07,4.010083676892247651e-01
1.277480000000000134e-07,4.010083678218202552e-01
1.285300000000000531e-07,4.010083679544156898e-01
1.293120000000000398e-07,4.010083680870111245e-01
1.300940000000000266e-07,4.010083682196065591e-01
1.308760000000000133e-07,4.010083683522020492e-01
1.316580000000000530e-07,4.010083684847974284e-01
1.324400000000000398e-07,4.010083686173929185e-01
1.332220000000000265e-07,4.010083687499883531e-01
1.340040000000000133e-07,4.010083688825837323e-01
1.347860000000000530e-07,4.010083690151792224e-01
1.355680000000000397e-07,4.010083691477746570e-01
1.363500000000000265e-07,4.010083692803700917e-01
1.371320000000000132e-07,4.010083694129655818e-01
1.379140000000000529e-07,4.010083695455610164e-01
1.386960000000000397e-07,4.010083696781565066e-01
1.394780000000000264e-07,4.010083698107519412e-01
1.402600000000000132e-07,4.010083699433473758e-01
1.410420000000000529e-07,4.010083700759428105e-01
1.418240000000000396e-07,4.010083702085382451e-01
1.426060000000000264e-07,4.010083703411337352e-01
1.433880000000000131e-07,4.010083704737291699e-01
1.441700000000000528e-07,4.010083706063245490e-01
1.449520000000000396e-07,4.010083707389199836e-01
1.457340000000000263e-07,4.010083708715154183e-01
1.465160000000000131e-07,4.010083710041109084e-01
1.472980000000000528e-07,4.010083711367063986e-01
1.480800000000000395e-07,4.010083712693018332e-01
1.488620000000000263e-07,4.010083714018972678e-01
1.496440000000000131e-07,4.010083715344927024e-01
1.504260000000000527e-07,4.010083716670881926e-01
1.512080000000000395e-07,4.010083717996835717e-01
1.519900000000000263e-07,4.010083719322790063e-01
1.527720000000000130e-07,4.010083720648744965e-01
1.535540000000000527e-07,4.010083721974699311e-01
1.543360000000000395e-07,4.010083723300654213e-01
1.551180000000000262e-07,4.010083724626608559e-01
1.559000000000000130e-07,4.010083725952562905e-01
1.566820000000000526e-07,4.010083727278516696e-01
1.574640000000000394e-07,4.010083728604471598e-01
1.582460000000000262e-07,4.010083729930426499e-01
1.590280000000000129e-07,4.010083731256380846e-01
1.598100000000000526e-07,4.010083732582334637e-01
1.605920000000000394e-07,4.010083733908288983e-01
1.613740000000000261e-07,4.010083735234243330e-01
1.621560000000000129e-07,4.010083736560198231e-01
1.629380000000000526e-07,4.010083737886153132e-01
1.637200000000000393e-07,4.010083739212107479e-01
1.645020000000000261e-07,4.010083740538061825e-01
1.652840000000000128e-07,4.010083741864016171e-01
1.660660000000000525e-07,4.010083743189971073e-01
1.668480000000000393e-07,4.010083744515925419e-01
1.676300000000000260e-07,4.010083745841879765e-01
1.684120000000000128e-07,4.010083747167834112e-01
1.691940000000000525e-07,4.010083748493787903e-01
1.699760000000000392e-07,4.010083749819742804e-01
1.707580000000000260e-07,4.010083751145697151e-01
1.715400000000000127e-07,4.010083752471651497e-01
1.723220000000000524e-07,4.010083753797606398e-01
1.731040000000000392e-07,4.010083755123560745e-01
1.738860000000000259e-07,4.010083756449515646e-01
1.746680000000000127e-07,4.010083757775469993e-01
1.754500000000000524e-07,4.010083759101424339e-01
1.762320000000000391e-07,4.010083760427378685e-01
1.770140000000000259e-07,4.010083761753333031e-01
1.777960000000000126e-07,4.010083763079287933e-01
1.785780000000000523e-07,4.010083764405242279e-01
1.793600000000000391e-07,4.010083765731196626e-01
1.801420000000000258e-07,4.010083767057150972e-01
1.809240000000000126e-07,4.010083768383105318e-01
1.817060000000000523e-07,4.010083769709059665e-01
1.824880000000000390e-07,4.010083771035014011e-01
1.832700000000000258e-07,4.010083772360968912e-01
1.840520000000000125e-07,4.010083773686923259e-01
1.848340000000000522e-07,4.010083775012877605e-01
1.856160000000000390e-07,4.010083776338831951e-01
1.863980000000000257e-07,4.010083777664786298e-01
1.871800000000000125e-07,4.010083778990740644e-01
1.879620000000000522e-07,4.010083780316695545e-01
1.887440000000000389e-07,4.010083781642649892e-01
1.895260000000000257e-07,4.010083782968604238e-01
1.903080000000000124e-07,4.010083784294559139e-01
1.910900000000000521e-07,4.010083785620513486e-01
1.918720000000000389e-07,4.010083786946467832e-01
1.926540000000000256e-07,4.010083788272422178e-01
1.934360000000000124e-07,4.010083789598376525e-01
1.942180000000000521e-07,4.010083790924330871e-01
1.950000000000000124e-07,4.010083792250285217e-01
