r[nm],potential[V]
0.000000000000000000e+00,3.699414361452528777e-01
1.000000000000000269e-09,3.699414361428854936e-01
2.000000000000000538e-09,3.699414361405182206e-01
3.000000000000000807e-09,3.699414361381506700e-01
4.000000000000001076e-09,3.699414361357833969e-01
5.000000000000001759e-09,3.699414361334160684e-01
6.000000000000001614e-09,3.699414361310486288e-01
7.000000000000001470e-09,3.699414361286811892e-01
8.000000000000002153e-09,3.699414361263138606e-01
9.000000000000002835e-09,3.699414361239464766e-01
1.000000000000000352e-08,3.699414361215790370e-01
1.100000000000000255e-08,3.699414361192117640e-01
1.200000000000000323e-08,3.699414361168443244e-01
1.300000000000000391e-08,3.699414361144768848e-01
1.400000000000000294e-08,3.699414361121095562e-01
1.500000000000000528e-08,3.699414361097421167e-01
1.600000000000000431e-08,3.699414361073747326e-01
1.700000000000000333e-08,3.699414361050074040e-01
1.800000000000000567e-08,3.699414361026400755e-01
1.900000000000000470e-08,3.699414361002725804e-01
2.000000000000000704e-08,3.699414360979052518e-01
2.100000000000000606e-08,3.699414360955379233e-01
2.200000000000000509e-08,3.699414360931704837e-01
2.300000000000000743e-08,3.699414360908030996e-01
2.400000000000000646e-08,3.699414360884357711e-01
2.500000000000000549e-08,3.699414360860683315e-01
2.600000000000000782e-08,3.699414360837009474e-01
2.700000000000000685e-08,3.699414360813335634e-01
2.800000000000000588e-08,3.699414360789661793e-01
2.900000000000000822e-08,3.699414360765987397e-01
3.000000000000001055e-08,3.699414360742314112e-01
3.100000000000000627e-08,3.699414360718640271e-01
3.200000000000000861e-08,3.699414360694965875e-01
3.300000000000001095e-08,3.699414360671293145e-01
3.400000000000000667e-08,3.699414360647619304e-01
3.500000000000000900e-08,3.699414360623944908e-01
3.600000000000001134e-08,3.699414360600271068e-01
3.700000000000000706e-08,3.699414360576597782e-01
3.800000000000000940e-08,3.699414360552923942e-01
3.900000000000001173e-08,3.699414360529249546e-01
4.000000000000001407e-08,3.699414360505576815e-01
4.100000000000000979e-08,3.699414360481902420e-01
4.200000000000001213e-08,3.699414360458228024e-01
4.300000000000001447e-08,3.699414360434554738e-01
4.400000000000001019e-08,3.699414360410880342e-01
4.500000000000001252e-08,3.699414360387205947e-01
4.600000000000001486e-08,3.699414360363533216e-01
4.700000000000001058e-08,3.699414360339859376e-01
4.800000000000001292e-08,3.699414360316184980e-01
4.900000000000001525e-08,3.699414360292511139e-01
5.000000000000001097e-08,3.699414360268837854e-01
5.100000000000001331e-08,3.699414360245164013e-01
5.200000000000001565e-08,3.699414360221489617e-01
5.300000000000001137e-08,3.699414360197816887e-01
5.400000000000001370e-08,3.699414360174142491e-01
5.500000000000001604e-08,3.699414360150468095e-01
5.600000000000001176e-08,3.699414360126794810e-01
5.700000000000001410e-08,3.699414360103120414e-01
5.800000000000001643e-08,3.699414360079446573e-01
5.900000000000001877e-08,3.699414360055773288e-01
6.000000000000002111e-08,3.699414360032099447e-01
6.100000000000001683e-08,3.699414360008425051e-01
6.200000000000001255e-08,3.699414359984751766e-01
6.300000000000002150e-08,3.699414359961078480e-01
6.400000000000001722e-08,3.699414359937403529e-01
6.500000000000001294e-08,3.699414359913730244e-01
6.600000000000002189e-08,3.699414359890056958e-01
6.700000000000001761e-08,3.699414359866382562e-01
6.800000000000001333e-08,3.699414359842708722e-01
6.900000000000002229e-08,3.699414359819035436e-01
7.000000000000001801e-08,3.699414359795361040e-01
7.100000000000001373e-08,3.699414359771686645e-01
7.200000000000002268e-08,3.699414359748013914e-01
7.300000000000001840e-08,3.699414359724339518e-01
7.400000000000001412e-08,3.699414359700665123e-01
7.500000000000002308e-08,3.699414359676992392e-01
7.600000000000001880e-08,3.699414359653317996e-01
7.700000000000001452e-08,3.699414359629644156e-01
7.800000000000002347e-08,3.699414359605970315e-01
7.900000000000001919e-08,3.699414359582297029e-01
8.000000000000002814e-08,3.699414359558622079e-01
8.100000000000002386e-08,3.699414359534948793e-01
8.200000000000001958e-08,3.699414359511276063e-01
8.300000000000002854e-08,3.699414359487601667e-01
8.400000000000002426e-08,3.699414359463927271e-01
8.500000000000001998e-08,3.699414359440253985e-01
8.600000000000002893e-08,3.699414359416579590e-01
8.700000000000002465e-08,3.699414359392905194e-01
8.800000000000002037e-08,3.699414359369232463e-01
8.900000000000002932e-08,3.699414359345558623e-01
9.000000000000002504e-08,3.699414359321884227e-01
9.100000000000002076e-08,3.699414359298210941e-01
9.200000000000002972e-08,3.699414359274536546e-01
9.300000000000002544e-08,3.699414359250862150e-01
9.400000000000002116e-08,3.699414359227188864e-01
9.500000000000003011e-08,3.699414359203516134e-01
9.600000000000002583e-08,3.699414359179841183e-01
9.700000000000002155e-08,3.699414359156167897e-01
9.800000000000003051e-08,3.699414359132494057e-01
9.900000000000002623e-08,3.699414359108819661e-01
1.000000000000000219e-07,3.699414359085145820e-01
1.010000000000000309e-07,3.699414359061472535e-01
1.020000000000000266e-07,3.699414359037798694e-01
1.030000000000000223e-07,3.699414359014124298e-01
1.040000000000000313e-07,3.699414358990451013e-01
1.050000000000000270e-07,3.699414358966777172e-01
1.060000000000000227e-07,3.699414358943102776e-01
1.070000000000000317e-07,3.699414358919429491e-01
1.080000000000000274e-07,3.699414358895756205e-01
1.090000000000000231e-07,3.699414358872081254e-01
1.100000000000000321e-07,3.699414358848407969e-01
1.110000000000000278e-07,3.699414358824734683e-01
1.120000000000000235e-07,3.699414358801060287e-01
1.130000000000000325e-07,3.699414358777385892e-01
1.140000000000000282e-07,3.699414358753713161e-01
1.150000000000000371e-07,3.699414358730038765e-01
1.160000000000000329e-07,3.699414358706364370e-01
1.170000000000000286e-07,3.699414358682691639e-01
1.180000000000000375e-07,3.699414358659017243e-01
1.190000000000000333e-07,3.699414358635343403e-01
1.200000000000000422e-07,3.699414358611669562e-01
1.210000000000000379e-07,3.699414358587995721e-01
1.220000000000000337e-07,3.699414358564321326e-01
1.230000000000000294e-07,3.699414358540648040e-01
1.240000000000000251e-07,3.699414358516975310e-01
1.250000000000000208e-07,3.699414358493299804e-01
1.260000000000000430e-07,3.699414358469627073e-01
1.270000000000000387e-07,3.699414358445953233e-01
1.280000000000000344e-07,3.699414358422278837e-01
1.290000000000000302e-07,3.699414358398604996e-01
1.300000000000000259e-07,3.699414358374931711e-01
1.310000000000000481e-07,3.699414358351257870e-01
1.320000000000000438e-07,3.699414358327583474e-01
1.330000000000000395e-07,3.699414358303910189e-01
1.340000000000000352e-07,3.699414358280235793e-01
1.350000000000000309e-07,3.699414358256561397e-01
1.360000000000000267e-07,3.699414358232888111e-01
1.370000000000000489e-07,3.699414358209214271e-01
1.380000000000000446e-07,3.699414358185540430e-01
1.390000000000000403e-07,3.699414358161867145e-01
1.400000000000000360e-07,3.699414358138193304e-01
1.410000000000000317e-07,3.699414358114518908e-01
1.420000000000000275e-07,3.699414358090845067e-01
1.430000000000000496e-07,3.699414358067171782e-01
1.440000000000000454e-07,3.699414358043497941e-01
1.450000000000000411e-07,3.699414358019824101e-01
1.460000000000000368e-07,3.699414357996150815e-01
1.470000000000000325e-07,3.699414357972476419e-01
1.480000000000000282e-07,3.699414357948802023e-01
1.490000000000000504e-07,3.699414357925128738e-01
1.500000000000000462e-07,3.699414357901454342e-01
1.510000000000000419e-07,3.699414357877780501e-01
1.520000000000000376e-07,3.699414357854107216e-01
1.530000000000000333e-07,3.699414357830433930e-01
1.540000000000000290e-07,3.699414357806758979e-01
1.550000000000000512e-07,3.699414357783085694e-01
1.560000000000000469e-07,3.699414357759412408e-01
1.570000000000000427e-07,3.699414357735738013e-01
1.580000000000000384e-07,3.699414357712064172e-01
1.590000000000000341e-07,3.699414357688390886e-01
1.600000000000000563e-07,3.699414357664716491e-01
1.610000000000000520e-07,3.699414357641042650e-01
1.620000000000000477e-07,3.699414357617368809e-01
1.630000000000000434e-07,3.699414357593694969e-01
1.640000000000000392e-07,3.699414357570020573e-01
1.650000000000000349e-07,3.699414357546347287e-01
1.660000000000000571e-07,3.699414357522673447e-01
1.670000000000000528e-07,3.699414357498999051e-01
1.680000000000000485e-07,3.699414357475326320e-01
1.690000000000000442e-07,3.699414357451652480e-01
1.700000000000000400e-07,3.699414357427977529e-01
1.710000000000000357e-07,3.699414357404304243e-01
1.720000000000000579e-07,3.699414357380630958e-01
1.730000000000000536e-07,3.699414357356957117e-01
1.740000000000000493e-07,3.699414357333282721e-01
1.750000000000000450e-07,3.699414357309609436e-01
1.760000000000000407e-07,3.699414357285935040e-01
1.770000000000000365e-07,3.699414357262261199e-01
1.780000000000000586e-07,3.699414357238587914e-01
1.790000000000000544e-07,3.699414357214913518e-01
1.800000000000000501e-07,3.699414357191239677e-01
1.810000000000000458e-07,3.699414357167566392e-01
1.820000000000000415e-07,3.699414357143892551e-01
1.830000000000000372e-07,3.699414357120218155e-01
1.840000000000000594e-07,3.699414357096544315e-01
1.850000000000000552e-07,3.699414357072871029e-01
1.860000000000000509e-07,3.699414357049196078e-01
1.870000000000000466e-07,3.699414357025523348e-01
1.880000000000000423e-07,3.699414357001850062e-01
1.890000000000000380e-07,3.699414356978175666e-01
1.900000000000000602e-07,3.699414356954501826e-01
1.910000000000000559e-07,3.699414356930827985e-01
1.920000000000000517e-07,3.699414356907153589e-01
1.930000000000000474e-07,3.699414356883479749e-01
1.940000000000000431e-07,3.699414356859806463e-01
1.950000000000000653e-07,3.699414356836132622e-01
1.960000000000000610e-07,3.699414356812458227e-01
1.970000000000000567e-07,3.699414356788784941e-01
1.980000000000000525e-07,3.699414356765110545e-01
1.990000000000000482e-07,3.699414356741436705e-01
2.000000000000000439e-07,3.699414356717763419e-01
2.010000000000000661e-07,3.699414356694090134e-01
2.020000000000000618e-07,3.699414356670415183e-01
2.030000000000000575e-07,3.699414356646741897e-01
2.040000000000000532e-07,3.699414356623068056e-01
2.050000000000000490e-07,3.699414356599394216e-01
2.060000000000000447e-07,3.699414356575719820e-01
2.070000000000000669e-07,3.699414356552047090e-01
2.080000000000000626e-07,3.699414356528372694e-01
2.090000000000000583e-07,3.699414356504698298e-01
2.100000000000000540e-07,3.699414356481025568e-01
2.110000000000000497e-07,3.699414356457351172e-01
2.120000000000000455e-07,3.699414356433677331e-01
2.130000000000000677e-07,3.699414356410003490e-01
2.140000000000000634e-07,3.699414356386330205e-01
2.150000000000000591e-07,3.699414356362655254e-01
2.160000000000000548e-07,3.699414356338981968e-01
2.170000000000000505e-07,3.699414356315308683e-01
2.180000000000000463e-07,3.699414356291634287e-01
2.190000000000000684e-07,3.699414356267960446e-01
2.200000000000000642e-07,3.699414356244287161e-01
2.210000000000000599e-07,3.699414356220612765e-01
2.220000000000000556e-07,3.699414356196938924e-01
2.230000000000000513e-07,3.699414356173265639e-01
2.240000000000000470e-07,3.699414356149591798e-01
2.250000000000000692e-07,3.699414356125917402e-01
2.260000000000000649e-07,3.699414356102243562e-01
2.270000000000000607e-07,3.699414356078569721e-01
2.280000000000000564e-07,3.699414356054895325e-01
2.290000000000000521e-07,3.699414356031222595e-01
2.300000000000000743e-07,3.699414356007549309e-01
2.310000000000000700e-07,3.699414355983874358e-01
2.320000000000000657e-07,3.699414355960201073e-01
2.330000000000000615e-07,3.699414355936527232e-01
2.340000000000000572e-07,3.699414355912852836e-01
2.350000000000000529e-07,3.699414355889178996e-01
2.360000000000000751e-07,3.699414355865505710e-01
2.370000000000000708e-07,3.699414355841831870e-01
2.380000000000000665e-07,3.699414355818157474e-01
2.390000000000000622e-07,3.699414355794484188e-01
2.400000000000000844e-07,3.699414355770809792e-01
2.410000000000000537e-07,3.699414355747135952e-01
2.420000000000000759e-07,3.699414355723462666e-01
2.430000000000000451e-07,3.699414355699788270e-01
2.440000000000000673e-07,3.699414355676114430e-01
2.450000000000000895e-07,3.699414355652441144e-01
2.460000000000000587e-07,3.699414355628767304e-01
2.470000000000000809e-07,3.699414355605092908e-01
2.480000000000000502e-07,3.699414355581419067e-01
2.490000000000000724e-07,3.699414355557746337e-01
2.500000000000000416e-07,3.699414355534071941e-01
2.510000000000000638e-07,3.699414355510398100e-01
2.520000000000000860e-07,3.699414355486724815e-01
2.530000000000000553e-07,3.699414355463050419e-01
2.540000000000000774e-07,3.699414355439376578e-01
2.550000000000000467e-07,3.699414355415702738e-01
2.560000000000000689e-07,3.699414355392028897e-01
2.570000000000000911e-07,3.699414355368354501e-01
2.580000000000000603e-07,3.699414355344681216e-01
2.590000000000000825e-07,3.699414355321007930e-01
2.600000000000000518e-07,3.699414355297332979e-01
2.610000000000000740e-07,3.699414355273659694e-01
2.620000000000000961e-07,3.699414355249986408e-01
2.630000000000000654e-07,3.699414355226312012e-01
2.640000000000000876e-07,3.699414355202638172e-01
2.650000000000000568e-07,3.699414355178964886e-01
2.660000000000000790e-07,3.699414355155291045e-01
2.670000000000000483e-07,3.699414355131616650e-01
2.680000000000000705e-07,3.699414355107943364e-01
2.690000000000000926e-07,3.699414355084268968e-01
2.700000000000000619e-07,3.699414355060594572e-01
2.710000000000000841e-07,3.699414355036921287e-01
2.720000000000000533e-07,3.699414355013247446e-01
2.730000000000000755e-07,3.699414354989573606e-01
2.740000000000000977e-07,3.699414354965900320e-01
2.750000000000000670e-07,3.699414354942226479e-01
2.760000000000000892e-07,3.699414354918552084e-01
2.770000000000000584e-07,3.699414354894878243e-01
2.780000000000000806e-07,3.699414354871204957e-01
2.790000000000000498e-07,3.699414354847531117e-01
2.800000000000000720e-07,3.699414354823857276e-01
2.810000000000000942e-07,3.699414354800183435e-01
2.820000000000000635e-07,3.699414354776509595e-01
2.830000000000000857e-07,3.699414354752835199e-01
2.840000000000000549e-07,3.699414354729161913e-01
2.850000000000000771e-07,3.699414354705487518e-01
2.860000000000000993e-07,3.699414354681813677e-01
2.870000000000000685e-07,3.699414354658140391e-01
2.880000000000000907e-07,3.699414354634466551e-01
2.890000000000000600e-07,3.699414354610792155e-01
2.900000000000000822e-07,3.699414354587118314e-01
2.910000000000001044e-07,3.699414354563445584e-01
2.920000000000000736e-07,3.699414354539770078e-01
2.930000000000000958e-07,3.699414354516097347e-01
2.940000000000000650e-07,3.699414354492424062e-01
2.950000000000000872e-07,3.699414354468749666e-01
2.960000000000000565e-07,3.699414354445075825e-01
2.970000000000000787e-07,3.699414354421401985e-01
2.980000000000001009e-07,3.699414354397728144e-01
2.990000000000000701e-07,3.699414354374053748e-01
3.000000000000000923e-07,3.699414354350381018e-01
3.010000000000000616e-07,3.699414354326706622e-01
3.020000000000000837e-07,3.699414354303032226e-01
3.030000000000001059e-07,3.699414354279358941e-01
3.040000000000000752e-07,3.699414354255684545e-01
3.050000000000000974e-07,3.699414354232010704e-01
3.060000000000000666e-07,3.699414354208337419e-01
3.070000000000000888e-07,3.699414354184664133e-01
3.080000000000000581e-07,3.699414354160990293e-01
3.090000000000000802e-07,3.699414354137315897e-01
3.100000000000001024e-07,3.699414354113642611e-01
3.110000000000000717e-07,3.699414354089968215e-01
3.120000000000000939e-07,3.699414354066293820e-01
3.130000000000000631e-07,3.699414354042621089e-01
3.140000000000000853e-07,3.699414354018946693e-01
3.150000000000001075e-07,3.699414353995272853e-01
3.160000000000000768e-07,3.699414353971599567e-01
3.170000000000000989e-07,3.699414353947925171e-01
3.180000000000000682e-07,3.699414353924251331e-01
3.190000000000000904e-07,3.699414353900577490e-01
3.200000000000001126e-07,3.699414353876904205e-01
3.210000000000000818e-07,3.699414353853229254e-01
3.220000000000001040e-07,3.699414353829556523e-01
3.230000000000000733e-07,3.699414353805882683e-01
3.240000000000000955e-07,3.699414353782208842e-01
3.250000000000000647e-07,3.699414353758534446e-01
3.260000000000000869e-07,3.699414353734861161e-01
3.270000000000001091e-07,3.699414353711186765e-01
3.280000000000000783e-07,3.699414353687512924e-01
3.290000000000001005e-07,3.699414353663840194e-01
3.300000000000000698e-07,3.699414353640165798e-01
3.310000000000000920e-07,3.699414353616491402e-01
3.320000000000001141e-07,3.699414353592817561e-01
3.330000000000000834e-07,3.699414353569143721e-01
3.340000000000001056e-07,3.699414353545469325e-01
3.350000000000000748e-07,3.699414353521796595e-01
3.360000000000000970e-07,3.699414353498123309e-01
3.370000000000000663e-07,3.699414353474448358e-01
3.380000000000000885e-07,3.699414353450775073e-01
3.390000000000001107e-07,3.699414353427101232e-01
3.400000000000000799e-07,3.699414353403427391e-01
3.410000000000001021e-07,3.699414353379752995e-01
3.420000000000000713e-07,3.699414353356080265e-01
3.430000000000000935e-07,3.699414353332405869e-01
3.440000000000001157e-07,3.699414353308731473e-01
3.450000000000000850e-07,3.699414353285058188e-01
3.460000000000001072e-07,3.699414353261384347e-01
3.470000000000000764e-07,3.699414353237709951e-01
3.480000000000000986e-07,3.699414353214036666e-01
3.490000000000000679e-07,3.699414353190362825e-01
3.500000000000000900e-07,3.699414353166688429e-01
3.510000000000001122e-07,3.699414353143015144e-01
3.520000000000000815e-07,3.699414353119341858e-01
3.530000000000001037e-07,3.699414353095666907e-01
3.540000000000000729e-07,3.699414353071993622e-01
3.550000000000000951e-07,3.699414353048320336e-01
3.560000000000001173e-07,3.699414353024645941e-01
3.570000000000000865e-07,3.699414353000972100e-01
3.580000000000001087e-07,3.699414352977298814e-01
3.590000000000000780e-07,3.699414352953624974e-01
3.600000000000001002e-07,3.699414352929950578e-01
3.610000000000001224e-07,3.699414352906276737e-01
3.620000000000000916e-07,3.699414352882602897e-01
3.630000000000001138e-07,3.699414352858928501e-01
3.640000000000000831e-07,3.699414352835255770e-01
3.650000000000001052e-07,3.699414352811582485e-01
3.660000000000000745e-07,3.699414352787907534e-01
3.670000000000000967e-07,3.699414352764233693e-01
3.680000000000001189e-07,3.699414352740560408e-01
3.690000000000000881e-07,3.699414352716886012e-01
3.700000000000001103e-07,3.699414352693212171e-01
3.710000000000000796e-07,3.699414352669539441e-01
3.720000000000001018e-07,3.699414352645865045e-01
3.730000000000001239e-07,3.699414352622190649e-01
3.740000000000000932e-07,3.699414352598517364e-01
3.750000000000001154e-07,3.699414352574842968e-01
3.760000000000000846e-07,3.699414352551168572e-01
3.770000000000001068e-07,3.699414352527495842e-01
3.780000000000000761e-07,3.699414352503822001e-01
3.790000000000000983e-07,3.699414352480147605e-01
3.800000000000001204e-07,3.699414352456474320e-01
3.810000000000000897e-07,3.699414352432800479e-01
3.820000000000001119e-07,3.699414352409126083e-01
3.830000000000000811e-07,3.699414352385452243e-01
3.840000000000001033e-07,3.699414352361779512e-01
3.850000000000001255e-07,3.699414352338105116e-01
3.860000000000000948e-07,3.699414352314431276e-01
3.870000000000001170e-07,3.699414352290757435e-01
3.880000000000000862e-07,3.699414352267083594e-01
3.890000000000001084e-07,3.699414352243409199e-01
3.900000000000001306e-07,3.699414352219735913e-01
3.910000000000000998e-07,3.699414352196062072e-01
3.920000000000001220e-07,3.699414352172387677e-01
3.930000000000000913e-07,3.699414352148714391e-01
3.940000000000001135e-07,3.699414352125040550e-01
3.950000000000000827e-07,3.699414352101366155e-01
3.960000000000001049e-07,3.699414352077692869e-01
3.970000000000001271e-07,3.699414352054019584e-01
3.980000000000000963e-07,3.699414352030344633e-01
3.990000000000001185e-07,3.699414352006671347e-01
4.000000000000000878e-07,3.699414351982998062e-01
4.010000000000001100e-07,3.699414351959324221e-01
4.020000000000001322e-07,3.699414351935649825e-01
4.030000000000001014e-07,3.699414351911976540e-01
4.040000000000001236e-07,3.699414351888302144e-01
4.050000000000000928e-07,3.699414351864627748e-01
4.060000000000001150e-07,3.699414351840955018e-01
4.070000000000000843e-07,3.699414351817280622e-01
4.080000000000001065e-07,3.699414351793606781e-01
4.090000000000001287e-07,3.699414351769932940e-01
4.100000000000000979e-07,3.699414351746259655e-01
4.110000000000001201e-07,3.699414351722584704e-01
4.120000000000000894e-07,3.699414351698911418e-01
4.130000000000001115e-07,3.699414351675238688e-01
4.140000000000001337e-07,3.699414351651564292e-01
4.150000000000001030e-07,3.699414351627890452e-01
4.160000000000001252e-07,3.699414351604216611e-01
4.170000000000000944e-07,3.699414351580542215e-01
4.180000000000001166e-07,3.699414351556867819e-01
4.190000000000001388e-07,3.699414351533195089e-01
4.200000000000001080e-07,3.699414351509520693e-01
4.210000000000001302e-07,3.699414351485846852e-01
4.220000000000000995e-07,3.699414351462173567e-01
4.230000000000001217e-07,3.699414351438499726e-01
4.240000000000000909e-07,3.699414351414825330e-01
4.250000000000001131e-07,3.699414351391151490e-01
4.260000000000001353e-07,3.699414351367478759e-01
4.270000000000001046e-07,3.699414351343803253e-01
4.280000000000001267e-07,3.699414351320130523e-01
4.290000000000000960e-07,3.699414351296457237e-01
4.300000000000001182e-07,3.699414351272782842e-01
4.310000000000001404e-07,3.699414351249108446e-01
4.320000000000001096e-07,3.699414351225435160e-01
4.330000000000001318e-07,3.699414351201761320e-01
4.340000000000001011e-07,3.699414351178086924e-01
4.350000000000001233e-07,3.699414351154414193e-01
4.360000000000000925e-07,3.699414351130739798e-01
4.370000000000001147e-07,3.699414351107065402e-01
4.380000000000001369e-07,3.699414351083392116e-01
4.390000000000001061e-07,3.699414351059717720e-01
4.400000000000001283e-07,3.699414351036043880e-01
4.410000000000000976e-07,3.699414351012370594e-01
4.420000000000001198e-07,3.699414350988697309e-01
4.430000000000001419e-07,3.699414350965022358e-01
4.440000000000001112e-07,3.699414350941349072e-01
4.450000000000001334e-07,3.699414350917675787e-01
4.460000000000001026e-07,3.699414350894001391e-01
4.470000000000001248e-07,3.699414350870327550e-01
4.480000000000000941e-07,3.699414350846654265e-01
4.490000000000001163e-07,3.699414350822979869e-01
4.500000000000001385e-07,3.699414350799306028e-01
4.510000000000001077e-07,3.699414350775632743e-01
4.520000000000001299e-07,3.699414350751958347e-01
4.530000000000000991e-07,3.699414350728283951e-01
4.540000000000001213e-07,3.699414350704610666e-01
4.550000000000001435e-07,3.699414350680936825e-01
4.560000000000001128e-07,3.699414350657262429e-01
4.570000000000001350e-07,3.699414350633589699e-01
4.580000000000001042e-07,3.699414350609915858e-01
4.590000000000001264e-07,3.699414350586241462e-01
4.600000000000001486e-07,3.699414350562567622e-01
4.610000000000001178e-07,3.699414350538894336e-01
4.620000000000001400e-07,3.699414350515219940e-01
4.630000000000001093e-07,3.699414350491546100e-01
4.640000000000001315e-07,3.699414350467873369e-01
4.650000000000001007e-07,3.699414350444198973e-01
4.660000000000001229e-07,3.699414350420524578e-01
4.670000000000001451e-07,3.699414350396850737e-01
4.680000000000001143e-07,3.699414350373176896e-01
4.690000000000001365e-07,3.699414350349502500e-01
4.700000000000001058e-07,3.699414350325829770e-01
4.710000000000001280e-07,3.699414350302156484e-01
4.720000000000001502e-07,3.699414350278481534e-01
4.730000000000001194e-07,3.699414350254807693e-01
4.740000000000001416e-07,3.699414350231134407e-01
4.750000000000001109e-07,3.699414350207460567e-01
4.760000000000001330e-07,3.699414350183786171e-01
4.770000000000001552e-07,3.699414350160113441e-01
4.780000000000001245e-07,3.699414350136439045e-01
4.790000000000000937e-07,3.699414350112764649e-01
4.800000000000001689e-07,3.699414350089091363e-01
4.810000000000001381e-07,3.699414350065416968e-01
4.820000000000001074e-07,3.699414350041743127e-01
4.830000000000001825e-07,3.699414350018069841e-01
4.840000000000001517e-07,3.699414349994396001e-01
4.850000000000001210e-07,3.699414349970721605e-01
4.860000000000000902e-07,3.699414349947048319e-01
4.870000000000001654e-07,3.699414349923375034e-01
4.880000000000001346e-07,3.699414349899700083e-01
4.890000000000001039e-07,3.699414349876026797e-01
4.900000000000001790e-07,3.699414349852353512e-01
4.910000000000001482e-07,3.699414349828679116e-01
4.920000000000001175e-07,3.699414349805005275e-01
4.930000000000000867e-07,3.699414349781331990e-01
4.940000000000001619e-07,3.699414349757657594e-01
4.950000000000001311e-07,3.699414349733983198e-01
4.960000000000001004e-07,3.699414349710310468e-01
4.970000000000001755e-07,3.699414349686636072e-01
4.980000000000001448e-07,3.699414349662961676e-01
4.990000000000001140e-07,3.699414349639288946e-01
5.000000000000000833e-07,3.699414349615614550e-01
